84912251 34926439462 290602429
15993354549870 68713176629 168866011024699982
4490366514473 3945509689 912042440704961
9273570394527 8265 673767
6997209160249485 36793 40802
0 3293584938254015 9622534648331775
951167 22127358877 45318788021424684
16427436971272 131663142653 877489
20709859 9 47152267
9770925598722 538019633662236166 93
469434196413 915692965 91649221047460089
2346115617069 79963121002 353
983511666 1103502 156
5674 6143614352679 3781933578736
82437857 64659688325030603 8414972
25038 247 8906984146944
4066189 64588257 9081
7151651797092 8 897819770641
608483555965 221565545375566846 23294874803089
8542707523 9270757107259934 721963726127
1685776679 228935473 24131875
9385145406558072 6105 280156121889232356
8345 912774876900426548 889107613
256583224734 3492 999490
7958291722277 741054962512320 922013731832604475
30297547340596 256854 97
17521793 329127094645984 8272371810447
64251407 101 50097
3766123262187535 33910652 808661097128129102
6602571405091 68079621977151041 76332
3 818299331055 8298639
86685 1114 49
1683339 67549770 1092376346302
309845649050 571300884809400 12789396329
8 974099577405299 184080809071482172
7486658647 99727249977034 179
793475704601595 79110492352 67385
4135030651230 4472725 47497314649198962
5830374 9380458719 23124214
264181851 4634501 9907377650496
273358258 732251696216 28425
892070767 9 34768457
87120775 600170767139976 4439028
8544200014002 572595711401966 672572840949823
97761 5611987808837 6253766753500
9217006347634863 2776619026578990 4698145197538100
201 4200251525167 962286825777730357
9647 286718720752 765023967201
58487132331 4814652 51001205450765
38148 47074738361 9